1
6
16
23
28
44
64
78
87
95
101
108
117
126
139
148
161
169
319
445
453
457
469
512
519
530
572
620
629
639
646
653
662
674
683
690
714
728
742
752
769
841
945
1031
1046
1073
1077
1081
1087
1089
1122
1132
1140
1156
1173
1188
1226
1255
1283
1310
1337
1364
1394
1407
1417
1440
1465
1477
1491
1523
1546
1551
1564
1574
1581
1610
1639
1668
1673
1685
1715
1736
1747
1760
1766
1780
1795
1799
1812
1813
1817
1822
1852
1887
1918
1947
1982
1998
2026
2060
2103
2106
2134
2178
2194
2219
2244
2261
2265
2272
2276
2289
2299
2320
2331
2336
2340
2346
2350
2356
2366
2372
2374
2382
2391
2395
2399
2407
2414
2424
2428
2437
2445
2451
2457
2477
2482
2492
2498
2509
2519
2526
2541
2562
2574
2583
2589
2598
2612
2632
2644
2653
2661
2668
2680
2685
2691
2708
2738
2763
2774
2782
2791
2817
2823
2849
2869
2878
2886
2907
2911
2930
2935
2955
2965
2972
2991
3001
3007
3028
3041
3063
3073
3094
3112
3116
3124
3134
3147
3158
3171
3200
3204
3230
3249
3269
3286
3300
3324
3337
3347
3366
3385
3408
3430
3443
3466
3481
3509
3543
3559
3562
3570
3583
3600
3623
3640
3663
3676
3700
3719
3733
3741
3765
3776
3797
3815
3832
3860
3875
3896
3917
3949
3981
4008
4020
4027
4050
4067
4097
4123
4145
4149
4153
4181
4188
4221
4246
4263
4284
4295
4314
4318
4334
4348
4359
4365
4375
4400
4405
4430
4447
4475
4492
4511
4518
4531
4537
4543
4561
4590
4604
4620
4635
4660
4679
4688
4699
4715
4741
4757
4782
4804
4818
4824
4830
4854
4868
4891
4900
4913
4940
4955
4967
4990
4996
5005
5009
5030
5036
5056
5070
5095
5106
5118
5128
5162
5176
5187
5207
5216
5249
5346
5355
5366
5370
5377
5380
5391
5403
5411
5421
5422
5432
5442
5452
5485
5508
5525
5533
5545
5564
5591
5620
5625
5631
5636
5640
5644
5649
5653
5654
5656
5659
5662
5664
5672
5688
5694
5699
5712
5716
5724
5740
5744
5757
5776
5798
5807
5813
5820
5824
5832
5841
5853
5904
5915
5917
5921
5932
5989
6003
6018
6021
6033
6037
6046
6051
6078
6108
6128
6147
6156
6176
6195
6211
6225
6234
6246
6248
6267
6277
6285
6295
6303
6319
6327
6356
6395
6405
6412
6428
6450
6477
6503
6523
6536
6560
6585
6606
6616
6627
6633
6641
6645
6652
6665
6674
6685
6689
6695
6699
6706
6713
6727
6754
6761
6777
6793
6811
6820
6834
6854
6861
6917
6949
6959
6963
6986
7044
7122
7140
7174
7180
7220
7224
7247
7256
7269
7286
7299
7302
7307
7330
7353
7377
7400
7419
7427
7440
7457
7472
7502
7519
7538
7560
7588
7600
7622
7641
7667
7673
7695
7710
7739
7753
7760
7769
7782
7790
7797
7806
7820
7828
7834
7860
7872
7879
7889
7905
7917
7931
7948
7961
7974
8000
8019
8044
8059
8073
8099
8110
8139
8160
8186
8195
8223
8241
8256
8267
8288
8298
8332
8352
8367
8378
8397
8417
8428
8440
8451
8468
8490
8507
8520
8548
8567
8593
8601
8614
8630
8634
8639
8655
8669
8675
8680
8688
8711
8721
8731
8747
8755
8765
8781
8788
8797
8808
8827
8838
8851
8860
8889
8921
8941
8968
8989
8995
9010
9018
9026
9048
9054
9058
9061
9073
9084
9092
9105
9116
9126
9143
9160
9173
9177
9193
9202
9214
9229
9240
9260
9284
9310
9316
9343
9355
9373
9395
9411
9423
9427
9441
9465
9478
9495
9518
9526
9563
9591
9614
9638
9666
9693
9708
9730
9752
9775
9788
9798
9823
9838
9847
9858
9871
9885
9891
9897
9910
9920
9935
9947
9965
9988
10010
10023
10034
10050
10093
10108
10108
10113
10124
10137
10141
10150
10165
10173
10183
10192
10206
10233
10250
10263
10277
10292
10304
10313
10338
10373
10395
10414
10436
10456
10477
10499
10499
10522
10532
10557
10573
10591
10609
10628
10639
10650
10684
10694
10706
10716
10725
10737
10761
10793
10819
10851
10878
10885
10899
10922
10935
10960
10981
10990
10997
11005
11039
11069
11082
11108
11146
11181
11200
11207
11215
11226
11251
11252
11263
11285
11309
11326
11356
11377
11387
11406
11414
11414
11428
11443
11468
11482
11493
11512
11552
11561
11567
11603
11611
11631
11639
11650
11663
11673
11678
11706
11722
11764
11785
11791
11813
11830
11838
11841
11847
11858
11866
11874
11887
11903
11916
11920
11932
11936
11937
11942
11949
11957
11966
11969
11973
11980
12009
12013
12018
12028
12032
12037
12038
12042
12049
12056
12071
12079
12083
12104
12110
12126
12132
12137
12137
12150
12187
12199
12214
12223
12250
12277
12305
12329
12350
12366
12399
12420
12449
12465
12475
12480
12490
12521
12551
12591
12617
12648
12686
12697
12710
12714
12732
12745
12779
12792
12807
12815
12828
12851
12881
12935
12944
12974
12993
13015
13042
13048
13085
13118
13142
13176
13176
13187
13199
13212
13232
13241
13268
13272
13275
13280
13284
13288
13289
13290
13294
13297
13304
13306
13308
13313
13315
13317
13323
13328
13335
13341
13404
13410
13416
13422
13432
13440
13443
13457
13473
13489
13500
13515
13515
13519
13522
13528
13540
13552
13558
13568
13581
13592
13612
13624
13637
13648
13653
13658
13675
13682
13689
13709
13728
13738
13752
13758
13766
13791
13801
13810
13821
13833
13845
13864
13871
13880
13896
13902
13915
13941
13947
13949
13955
13967
13976
14011
14040
14049
14065
14077
14087
14094
14100
14111
14143
14169
14195
14207
14213
14215
14221
14228
14242
14250
14258
14267
14270
14281
14286
14293
14300
14308
14320
14325
14340
14343
14352
14368
14386
14395
14395
14417
14439
14457
14466
14483
14502
14526
14528
14535
14552
14561
14579
14602
14620
14640
14647
14664
14678
14695
14720
14727
14738
14752
14758
14778
14788
14806
14823
14834
14851
14864
14874
14895
14914
14939
14961
14974
14991
15003
15030
15058
15071
15071
15078
15095
15121
15128
15152
15173
15183
15196
15216
15228
15266
15280
15293
15300
15317
15349
15374
15393
15400
15410
15425
15444
15479
15492
15496
15510
15520
15527
15540
15563
15570
15590
15599
15621
15639
15654
15671
15695
15714
15735
15748
15772
15792
15816
15829
15869
15873
15904
15940
15988
16074
16158
16166
16179
16195
16204
16214
16231
16235
16263
16288
16312
16327
16340
16350
16379
16397
16404
16413
16421
16431
16441
16446
16455
16455
16469
16481
16494
16500
16513
16523
16532
16543
16558
16564
16597
16617
16641
16648
16648
16680
16699
16699
16848
16992
17094
17124
17169
17180
17237
17259
17300
17317
17421
17429
17476
17502
17506
17537
17545
17596
17605
17610
17703
17716
17717
17717
17765
17773
17801
17807
17831
17839
17844
17856
17874
17874
17890
17896
17908
17908
17913
17933
17940
17940
17952
17970
17975
17980
17985
18001
18004
18016
18025
18038
18051
18061
18078
18098
18113
18128
18148
18163
18171
18191
18218
18237
18260
18277
18290
18303
18310
18317
18326
18331
18343
18352
18365
18383
18391
18396
18400
18410
18420
18422
18430
18459
18469
18475
18506
18527
18535
18549
18568
18579
18583
18590
18592
18596
18606
18612
18626
18627
18635
18642
18660
18674
18680
18689
18702
18713
18719
18735
18746
18757
18783
18801
18811
18817
18841
18843
18853
18867
18897
18915
18942
18955
18981
19012
19036
19050
19065
19091
19119
19138
19156
19166
19178
19203
19222
19234
19243
19250
19270
19286
19300
19300
19314
19320
19334
19350
19370
19384
19405
19417
19430
19452
19476
19484
19502
19524
19544
19558
19570
19589
19604
19613
19635
19640
19646
19672
19672
19686
19698
19719
19731
19744
19751
19761
19786
19794
19804
19814
19825
19834
19834
19853
19858
19864
19873
19879
19889
19899
19909
19920
19930
19937
19951
19957
19964
19972
19974
19993
20002
20008
20023
20052
20105
20134
20151
20163
20173
20184
20196
20211
20231
20245
20259
20275
20294
20316
20347
20354
20370
20381
20400
20411
20418
20426
20429
20438
20459
20468
20486
20502
20513
20532
20550
20557
20569
20586
20601
20612
20629
20640
20646
20657
20662
20666
20680
20691
20702
20721
20733
20752
20765
20779
20790
20803
20810
20815
20815
20825
20837
20841
20846
20854
20858
20864
20872
20959
20972
20989
20996
21007
21014
21028
21051
21067
21083
21095
21103
21106
21110
21139
21166
21192
21201
21237
21264
21288
21317
21343
21368
21398
21408
21419
21429
21434
21447
21472
21483
21493
21509
21576
21577
21592
21613
21636
21642
21664
21701
21715
21732
21770
21791
21826
21859
21882
21916
21936
21977
22005
22022
22031
22037
